GRU

Accuracy:  0.7353421525396048
Precision:  0.7036472716884107
Recall:  0.8085572030420748
F1-score:  0.752463148247155


LSTM
Accuracy:  0.7788393489030432
Precision:  0.7350435265789961
Recall:  0.8685232806259233
F1-score:  0.7962280239761241